1352864636613,0,61,13.9,-3276.8,-7,1,4.159,0.102,0.00516,8.0E-5,-1.04,-0.97,-0.12,-0.03,0.07,0.14,true,false,93
1352864637632,1,62,13.9,-3276.8,-7,1,4.158,0.096,0.00516,8.0E-5,-1.03,-0.97,-0.14,-0.03,0.07,0.12,true,false,93
1352864638632,2,66,14.6,-3276.8,-7,1,4.157,0.1,0.00522,1.0E-4,-1.14,-0.97,-0.14,-0.02,0.06,0.15,true,false,92
1352864639612,3,67,14.6,-3276.8,-7,1,4.157,0.102,0.00522,1.2E-4,-1.06,-0.97,-0.16,-0.06,0.03,0.12,true,false,92
1352864640609,4,66,15.0,-3276.8,-7,1,4.156,0.099,0.0051,1.2E-4,-1.08,-0.97,-0.14,-0.02,0.01,0.14,true,false,92
1352864641630,5,65,15.0,-3276.8,-7,1,4.156,0.104,0.0051,1.2E-4,-1.1,-0.96,-0.14,0.01,0.01,0.14,true,false,92
1352864642627,6,70,15.3,-3276.8,-7,1,4.156,0.107,0.00502,1.2E-4,-1.06,-0.97,-0.14,-0.06,0.06,0.14,true,false,92
1352864643620,7,72,15.3,-3276.8,-7,1,4.156,0.111,0.00502,1.2E-4,-1.07,-0.97,-0.16,0.0,0.0,0.13,true,false,92
1352864644614,8,75,15.5,-3276.8,-6,1,4.156,0.122,0.00506,1.2E-4,-1.21,-0.89,-0.19,0.02,0.06,0.19,true,false,92
1352864645623,9,79,15.5,-3276.8,-6,1,4.156,0.135,0.00506,1.4E-4,-1.07,-0.97,-0.1,-0.01,0.04,0.13,true,false,92
1352864646618,10,77,15.8,-3276.8,-6,1,4.156,0.123,0.0051,1.2E-4,-1.26,-0.8,-0.2,0.09,-0.09,0.14,true,false,92
1352864647614,11,74,15.8,-3276.8,-7,1,4.156,0.131,0.0051,8.0E-5,-1.06,-0.97,-0.2,-0.06,0.02,0.15,true,false,92
1352864648612,12,72,16.0,-3276.8,-8,1,4.156,0.146,0.00494,1.0E-4,-1.04,-0.97,-0.2,-0.09,0.0,0.15,true,false,92
1352864649612,13,72,16.0,-3276.8,-4,1,4.156,0.141,0.00494,1.0E-4,-1.13,-0.97,-0.18,0.02,-0.13,0.13,true,false,92
1352864650620,14,73,15.9,-3276.8,4,1,4.156,0.144,0.00488,1.0E-4,-1.01,-0.97,-0.06,0.03,-0.12,-0.06,true,false,92
1352864651626,15,70,15.9,-3276.8,5,1,4.156,0.145,0.00488,1.0E-4,-1.04,-0.97,-0.06,0.01,-0.13,-0.08,true,false,92
1352864652611,16,66,15.8,-3276.8,5,1,4.156,0.132,0.00478,1.0E-4,-1.04,-0.97,-0.04,0.0,-0.12,-0.07,true,false,92
1352864653611,17,67,15.8,-3276.8,5,1,4.156,0.117,0.00478,8.0E-5,-1.03,-0.97,-0.03,0.01,-0.12,-0.07,true,false,92
1352864654621,18,67,15.7,-3276.8,5,1,4.156,0.106,0.00502,6.0E-5,-1.02,-0.97,-0.04,0.03,-0.12,-0.04,true,false,92
1352864655613,19,66,15.7,-3276.8,5,1,4.156,0.098,0.00502,6.0E-5,-1.04,-0.97,-0.03,0.02,-0.1,-0.06,true,false,92
1352864656636,20,63,15.7,-3276.8,4,1,4.156,0.098,0.00498,8.0E-5,-1.03,-0.97,-0.03,0.02,-0.09,-0.04,true,false,92
1352864657632,21,64,15.7,-3276.8,4,1,4.156,0.097,0.00498,8.0E-5,-1.02,-0.97,-0.03,0.02,-0.1,-0.03,true,false,92
1352864658634,22,62,15.0,-3276.8,4,1,4.156,0.091,0.0051,8.0E-5,-1.02,-0.97,-0.04,0.02,-0.1,-0.03,true,false,92
1352864659625,23,58,15.0,-3276.8,4,1,4.156,0.081,0.0051,8.0E-5,-1.02,-0.97,-0.09,0.02,-0.09,0.01,true,false,92
1352864660628,24,57,14.7,-3276.8,2,1,4.156,0.074,0.00512,8.0E-5,-1.07,-0.97,-0.09,-0.01,-0.03,0.07,true,false,92
1352864661613,25,60,14.7,-3276.8,-3,1,4.156,0.094,0.00512,8.0E-5,-1.07,-0.97,-0.12,-0.03,0.01,0.08,true,false,92
1352864662635,26,63,14.1,-3276.8,-4,1,4.156,0.094,0.00518,8.0E-5,-1.03,-0.97,-0.12,-0.03,0.03,0.1,true,false,92
1352864663626,27,62,14.1,-3276.8,-4,1,4.156,0.083,0.00518,8.0E-5,-1.04,-0.97,-0.1,-0.03,0.01,0.09,true,false,92
1352864664614,28,61,13.9,-3276.8,-4,1,4.156,0.081,0.0052,8.0E-5,-1.04,-0.97,-0.1,-0.02,0.02,0.12,true,false,92
1352864665623,29,64,13.9,-3276.8,-4,1,4.155,0.101,0.0052,1.0E-4,-1.03,-0.97,-0.1,-0.02,0.04,0.1,true,false,92
1352864666615,30,65,13.7,-3276.8,-5,1,4.155,0.091,0.00522,1.0E-4,-1.06,-0.97,-0.12,-0.03,0.03,0.09,true,false,92
1352864667638,31,63,13.7,-3276.8,-5,1,4.155,0.089,0.00522,8.0E-5,-1.06,-0.97,-0.12,-0.02,0.03,0.1,true,false,92
1352864668618,32,61,13.6,-3276.8,-5,1,4.155,0.084,0.00518,6.0E-5,-1.06,-0.97,-0.13,-0.04,0.03,0.1,true,false,92
1352864669633,33,62,13.6,-3276.8,-5,1,4.155,0.084,0.00518,8.0E-5,-1.06,-0.97,-0.13,-0.04,0.03,0.1,true,false,92
1352864670617,34,63,13.7,-3276.8,-6,1,4.155,0.08,0.00514,8.0E-5,-1.02,-0.97,-0.12,-0.03,0.03,0.1,true,false,92
1352864671633,35,61,13.7,-3276.8,-6,1,4.155,0.081,0.00514,6.0E-5,-1.03,-0.97,-0.13,-0.04,0.03,0.09,true,false,92
1352864672627,36,60,13.8,-3276.8,-6,1,4.155,0.076,0.00514,6.0E-5,-1.03,-0.97,-0.12,-0.03,0.01,0.09,true,false,92
1352864673620,37,60,13.8,-3276.8,-6,1,4.155,0.075,0.00514,8.0E-5,-1.04,-0.97,-0.12,-0.03,0.03,0.09,true,false,92
1352864674613,38,60,13.9,-3276.8,-6,1,4.155,0.07,0.00512,6.0E-5,-1.07,-0.97,-0.12,-0.04,0.03,0.09,true,false,92
1352864675617,39,58,13.9,-3276.8,-5,1,4.155,0.075,0.00512,6.0E-5,-1.03,-0.97,-0.12,-0.04,0.03,0.09,true,false,92
1352864676628,40,60,14.0,-3276.8,-4,1,4.155,0.079,0.00514,8.0E-5,-1.12,-0.97,-0.14,-0.01,-0.08,0.12,true,false,92
1352864677629,41,64,14.0,-3276.8,-5,1,4.155,0.074,0.00514,1.0E-4,-1.07,-0.97,-0.13,-0.01,-0.06,0.1,true,false,92
1352864678621,42,65,14.4,-3276.8,6,1,4.155,0.082,0.0051,1.2E-4,-1.08,-0.97,-0.15,-0.06,-0.06,0.02,true,false,92
1352864679631,43,62,14.4,-3276.8,6,1,4.155,0.091,0.0051,1.0E-4,-1.04,-0.97,-0.14,-0.06,-0.06,0.03,true,false,92
1352864680631,44,61,14.5,-3276.8,6,1,4.155,0.083,0.005,1.0E-4,-1.03,-0.97,-0.13,-0.04,-0.03,0.03,true,false,92
1352864681620,45,61,14.5,-3276.8,7,1,4.155,0.076,0.005,1.0E-4,-1.04,-0.97,-0.16,-0.06,-0.03,0.04,true,false,92
1352864682632,46,59,14.8,-3276.8,7,1,4.155,0.079,0.00488,6.0E-5,-1.03,-0.97,-0.15,-0.07,-0.03,0.04,true,false,92
1352864683628,47,57,14.8,-3276.8,6,1,4.155,0.08,0.00488,6.0E-5,-1.03,-0.97,-0.15,-0.07,-0.19,0.03,true,false,92
1352864684625,48,57,14.8,-3276.8,-6,1,4.155,0.075,0.00476,6.0E-5,-1.04,-0.97,-0.14,-0.04,-0.03,0.04,true,false,92
1352864685632,49,60,14.8,-3276.8,-6,1,4.155,0.077,0.00476,8.0E-5,-1.04,-0.97,-0.14,-0.04,-0.03,0.04,true,false,92
1352864686636,50,61,14.9,-3276.8,-6,1,4.155,0.071,0.0048,6.0E-5,-1.04,-0.97,-0.15,-0.06,-0.03,0.04,true,false,92
1352864687628,51,58,14.9,-3276.8,-6,1,4.155,0.07,0.0048,6.0E-5,-1.04,-0.97,-0.13,-0.04,-0.03,0.04,true,false,92
1352864688615,52,56,14.9,-3276.8,-6,1,4.155,0.067,0.00478,6.0E-5,-1.04,-0.97,-0.14,-0.07,-0.04,0.06,true,false,92
1352864689634,53,58,14.9,-3276.8,-5,1,4.154,0.063,0.00478,8.0E-5,-1.04,-0.97,-0.13,-0.06,-0.02,0.07,true,false,92
1352864690630,54,62,14.6,-3276.8,-5,1,4.154,0.064,0.00478,8.0E-5,-1.03,-0.97,-0.13,-0.04,-0.02,0.09,true,false,92
1352864691629,55,64,14.6,-3276.8,-2,1,4.154,0.067,0.00478,8.0E-5,-1.1,-0.97,-0.13,0.0,0.0,0.09,true,false,92
1352864692637,56,65,14.6,-3276.8,-2,1,4.154,0.065,0.0049,1.2E-4,-1.07,-0.97,-0.03,0.13,-0.09,0.04,true,false,92
1352864693614,57,66,14.6,-3276.8,2,1,4.154,0.061,0.0049,1.4E-4,-1.16,-0.93,-0.19,0.08,-0.09,0.13,true,false,92
1352864694639,58,65,14.7,-3276.8,-1,1,4.154,0.055,0.00498,1.4E-4,-1.09,-0.95,-0.15,0.06,-0.08,0.04,true,false,92
1352864695615,59,67,14.7,-3276.8,-3,1,4.154,0.058,0.00498,1.2E-4,-1.1,-0.97,-0.1,0.06,0.0,0.08,true,false,92
1352864696629,60,73,14.7,-3276.8,-4,1,4.154,0.078,0.00504,1.2E-4,-1.07,-0.97,-0.14,-0.06,-0.02,0.07,true,false,92
1352864697623,61,77,14.7,-3276.8,-5,1,4.154,0.083,0.00504,1.4E-4,-1.03,-0.97,-0.14,-0.06,0.0,0.08,true,false,92
1352864698620,62,78,14.4,-3276.8,-6,1,4.154,0.074,0.00546,1.4E-4,-1.04,-0.97,-0.15,-0.06,-0.02,0.06,true,false,92
1352864699636,63,76,14.4,-3276.8,-5,1,4.154,0.07,0.00546,1.2E-4,-1.04,-0.97,-0.14,-0.04,-0.02,0.06,true,false,92
1352864700632,64,72,14.5,-3276.8,-4,1,4.154,0.069,0.00574,1.4E-4,-1.03,-0.97,-0.13,-0.03,0.0,0.08,true,false,92
1352864701632,65,70,14.5,-3276.8,-4,1,4.154,0.068,0.00574,1.2E-4,-1.07,-0.97,-0.1,-0.02,0.03,0.09,true,false,92
1352864702624,66,67,14.5,-3276.8,-2,1,4.154,0.07,0.0056,1.4E-4,-1.09,-0.97,-0.08,0.01,0.01,0.08,true,false,92
1352864703615,67,68,14.5,-3276.8,-4,1,4.153,0.072,0.0056,1.6E-4,-1.09,-0.97,-0.15,0.15,-0.03,0.09,true,false,92
1352864704636,68,70,15.2,-3276.8,-4,1,4.153,0.079,0.0058,1.4E-4,-1.1,-0.96,-0.19,-0.01,-0.02,0.15,true,false,92
1352864705628,69,65,15.2,-3276.8,-5,1,4.153,0.086,0.0058,1.0E-4,-1.08,-0.97,-0.13,0.01,-0.04,0.1,true,false,92
1352864706620,70,63,15.4,-3276.8,-5,1,4.153,0.114,0.00572,1.2E-4,-1.08,-0.97,-0.14,-0.03,0.03,0.12,true,false,92
1352864707623,71,63,15.4,-3276.8,-7,1,4.153,0.112,0.00572,1.2E-4,-1.04,-0.97,-0.14,-0.04,0.04,0.12,true,false,92
1352864708620,72,63,16.0,-3276.8,-7,1,4.153,0.11,0.00534,1.0E-4,-1.04,-0.97,-0.15,-0.07,0.04,0.12,true,false,92
1352864709630,73,63,16.0,-3276.8,-7,1,4.153,0.11,0.00534,8.0E-5,-1.06,-0.97,-0.14,-0.06,0.02,0.1,true,false,92
1352864710618,74,65,16.8,-3276.8,-7,1,4.153,0.099,0.00508,8.0E-5,-1.04,-0.97,-0.12,-0.06,0.06,0.13,true,false,92
1352864711620,75,66,16.8,-3276.8,-7,1,4.153,0.101,0.00508,8.0E-5,-1.04,-0.97,-0.15,-0.03,0.04,0.12,true,false,92
1352864712629,76,62,17.2,-3276.8,-7,1,4.153,0.101,0.00536,8.0E-5,-1.04,-0.97,-0.13,-0.03,0.04,0.12,true,false,92
1352864713632,77,57,17.2,-3276.8,-7,1,4.153,0.094,0.00536,8.0E-5,-1.03,-0.97,-0.12,-0.03,0.06,0.13,true,false,92
1352864714622,78,56,17.3,-3276.8,-8,1,4.153,0.1,0.0053,8.0E-5,-1.03,-0.97,-0.13,-0.04,0.07,0.14,true,false,92
1352864715624,79,56,17.3,-3276.8,-7,1,4.152,0.095,0.0053,1.0E-4,-1.03,-0.97,-0.14,-0.04,0.06,0.13,true,false,92
1352864716616,80,54,17.7,-3276.8,-7,1,4.152,0.099,0.00532,1.0E-4,-1.03,-0.97,-0.15,-0.07,0.06,0.12,true,false,92
1352864717634,81,54,17.7,-3276.8,-7,1,4.152,0.097,0.00532,1.0E-4,-1.04,-0.97,-0.14,-0.06,0.03,0.1,true,false,92
1352864718621,82,61,18.0,-3276.8,-7,1,4.152,0.108,0.00526,1.2E-4,-1.1,-0.97,-0.13,-0.04,0.06,0.16,true,false,92
1352864719622,83,64,18.0,-3276.8,-7,1,4.152,0.095,0.00526,1.0E-4,-1.03,-0.97,-0.12,-0.04,0.04,0.12,true,false,92
1352864720633,84,63,18.3,-3276.8,-7,1,4.152,0.082,0.00534,1.2E-4,-1.06,-0.97,-0.13,-0.03,0.06,0.12,true,false,92
1352864721615,85,65,18.3,-3276.8,-7,1,4.152,0.075,0.00534,1.0E-4,-1.04,-0.97,-0.14,-0.04,0.06,0.1,true,false,92
1352864722624,86,64,18.6,-3276.8,-7,1,4.152,0.082,0.00538,8.0E-5,-1.06,-0.97,-0.12,-0.02,0.07,0.13,true,false,92
1352864723628,87,60,18.6,-3276.8,-7,1,4.152,0.081,0.00538,8.0E-5,-1.04,-0.97,-0.12,-0.03,0.08,0.15,true,false,92
1352864724627,88,60,18.2,-3276.8,-7,1,4.152,0.08,0.00524,8.0E-5,-1.03,-0.97,-0.12,-0.02,0.08,0.14,true,false,92
1352864725629,89,62,18.2,-3276.8,-7,1,4.152,0.075,0.00524,8.0E-5,-1.06,-0.97,-0.1,-0.03,0.07,0.14,true,false,92
1352864726615,90,61,18.2,-3276.8,-7,1,4.152,0.068,0.00524,8.0E-5,-1.04,-0.97,-0.13,-0.02,0.08,0.14,true,false,92
1352864727636,91,59,18.2,-3276.8,-7,1,4.152,0.071,0.00524,8.0E-5,-1.06,-0.97,-0.1,-0.02,0.08,0.14,true,false,92
1352864728633,92,59,17.9,-3276.8,-7,1,4.152,0.12,0.00538,8.0E-5,-1.04,-0.97,-0.09,-0.02,0.08,0.15,true,false,92
1352864729628,93,63,17.9,-3276.8,-7,1,4.151,0.153,0.00538,8.0E-5,-1.04,-0.97,-0.24,-0.02,0.08,0.16,true,false,91
1352864730619,94,64,17.3,-3276.8,-4,1,4.151,0.155,0.00554,1.0E-4,-1.07,-0.96,-0.21,0.06,-0.06,0.16,true,false,91
1352864731630,95,61,17.3,-3276.8,-4,1,4.151,0.139,0.00554,1.0E-4,-1.06,-0.97,-0.1,-0.02,-0.02,0.07,true,false,91
1352864732631,96,58,16.8,-3276.8,-3,1,4.151,0.137,0.00506,8.0E-5,-1.04,-0.97,-0.08,0.0,0.02,0.07,true,false,91
1352864733634,97,59,16.8,-3276.8,-3,1,4.151,0.141,0.00506,8.0E-5,-1.07,-0.97,-0.07,0.02,0.02,0.09,true,false,91
1352864734631,98,58,16.6,-3276.8,-2,1,4.151,0.127,0.0053,1.0E-4,-1.04,-0.97,-0.07,0.01,-0.01,0.09,true,false,91
1352864735626,99,57,16.6,-3276.8,-2,1,4.151,0.118,0.0053,8.0E-5,-1.03,-0.97,-0.06,0.0,0.0,0.07,true,false,91
1352864736644,100,57,16.1,-3276.8,-2,1,4.151,0.113,0.00514,1.0E-4,-1.04,-0.97,-0.06,0.03,0.01,0.08,true,false,91
1352864737621,101,60,16.1,-3276.8,-1,1,4.151,0.103,0.00514,1.0E-4,-1.06,-0.97,-0.06,0.01,0.01,0.09,true,false,91
1352864738633,102,62,16.0,-3276.8,-2,1,4.151,0.105,0.00546,1.0E-4,-1.06,-0.97,-0.08,0.03,-0.04,0.09,true,false,91
1352864739636,103,61,16.0,-3276.8,-3,1,4.151,0.113,0.00546,1.0E-4,-1.04,-0.97,-0.09,-0.01,0.03,0.1,true,false,91
1352864740647,104,59,15.6,-3276.8,-4,1,4.15,0.106,0.0051,1.0E-4,-1.04,-0.97,-0.08,-0.01,0.03,0.12,true,false,91
1352864741629,105,63,15.6,-3276.8,-4,1,4.15,0.098,0.0051,1.0E-4,-1.04,-0.97,-0.08,-0.01,0.07,0.13,true,false,91
1352864742638,106,62,15.3,-3276.8,-4,1,4.15,0.09,0.00512,8.0E-5,-1.04,-0.97,-0.09,-0.01,0.06,0.12,true,false,91
1352864743638,107,60,15.3,-3276.8,-5,1,4.15,0.081,0.00512,8.0E-5,-1.04,-0.97,-0.09,-0.01,0.04,0.12,true,false,91
1352864744635,108,58,15.0,-3276.8,-5,1,4.15,0.099,0.00532,8.0E-5,-1.03,-0.97,-0.08,0.0,0.07,0.13,true,false,91
1352864745625,109,59,15.0,-3276.8,-5,1,4.15,0.097,0.00532,1.0E-4,-1.04,-0.97,-0.08,0.01,0.06,0.13,true,false,91
1352864746634,110,58,14.7,-3276.8,-5,1,4.15,0.088,0.0054,1.0E-4,-1.04,-0.97,-0.08,0.0,0.07,0.14,true,false,91
1352864747636,111,56,14.7,-3276.8,-5,1,4.15,0.085,0.0054,1.2E-4,-1.06,-0.97,-0.07,-0.01,0.07,0.13,true,false,91
1352864748646,112,55,14.4,-3276.8,-5,1,4.15,0.082,0.00536,1.0E-4,-1.03,-0.97,-0.07,-0.01,0.07,0.13,true,false,91
1352864749629,113,57,14.4,-3276.8,-6,1,4.15,0.081,0.00536,1.2E-4,-1.06,-0.97,-0.09,0.0,0.06,0.14,true,false,91
1352864750636,114,58,14.5,-3276.8,-4,1,4.15,0.086,0.00528,1.0E-4,-1.03,-0.97,-0.09,0.02,0.02,0.1,true,false,91
1352864751640,115,58,14.5,-3276.8,-7,1,4.15,0.087,0.00528,1.2E-4,-1.1,-0.95,-0.2,0.02,0.0,0.19,true,false,91
1352864752630,116,60,14.5,-3276.8,-10,1,4.15,0.089,0.00528,1.4E-4,-1.14,-0.96,-0.22,-0.02,0.13,0.32,true,false,91
1352864753643,117,63,14.5,-3276.8,-9,1,4.149,0.098,0.00528,1.2E-4,-1.09,-0.97,-0.16,-0.03,0.09,0.19,true,false,91
1352864754632,118,66,14.6,-3276.8,-8,1,4.149,0.119,0.00516,1.2E-4,-1.06,-0.97,-0.12,-0.01,0.09,0.16,true,false,91
1352864755630,119,65,14.6,-3276.8,-9,1,4.149,0.124,0.00516,1.0E-4,-1.07,-0.97,-0.16,-0.01,0.09,0.19,true,false,91
1352864756630,120,62,14.6,-3276.8,-10,1,4.149,0.112,0.00504,1.0E-4,-1.04,-0.96,-0.16,-0.01,0.12,0.2,true,false,91
1352864757626,121,65,14.6,-3276.8,-11,1,4.149,0.101,0.00504,1.0E-4,-1.04,-0.97,-0.12,-0.03,0.15,0.21,true,false,91
1352864758627,122,65,14.6,-3276.8,-10,1,4.149,0.094,0.00512,1.0E-4,-1.07,-0.97,-0.12,-0.02,0.15,0.19,true,false,91
1352864759623,123,64,14.6,-3276.8,-8,1,4.149,0.112,0.00512,1.2E-4,-1.15,-0.95,-0.21,0.06,-0.07,0.19,true,false,91
1352864760628,124,65,14.7,-3276.8,-5,1,4.149,0.143,0.00522,2.6E-4,-1.37,-0.75,-0.18,0.27,-0.13,0.21,true,false,91
1352864761627,125,68,14.7,-3276.8,-7,1,4.149,0.138,0.00522,4.2E-4,-1.67,0.5,-0.08,0.33,-0.03,0.19,true,false,91
1352864762631,126,71,14.7,-3276.8,-9,1,4.149,0.164,0.00546,3.4E-4,-1.26,-0.8,0.14,0.24,0.09,0.19,true,false,91
1352864763642,127,76,14.7,-3276.8,-9,1,4.149,0.183,0.00546,2.6E-4,-1.06,-0.93,0.02,0.24,0.04,0.18,true,false,91
1352864764633,-128,79,15.0,-3276.8,-5,1,4.149,0.166,0.0057,2.6E-4,-1.1,-0.97,-0.18,0.07,-0.03,0.18,true,false,91
1352864765646,-127,82,15.0,-3276.8,-6,1,4.149,0.203,0.0057,2.6E-4,-1.12,-0.95,-0.27,-0.04,-0.04,0.19,true,false,91
1352864766634,-126,81,15.6,-3276.8,-6,1,4.149,0.192,0.00566,2.2E-4,-1.13,-0.97,-0.18,-0.02,-0.02,0.24,true,false,91
1352864767629,-125,78,15.6,-3276.8,-5,1,4.149,0.224,0.00566,1.6E-4,-1.08,-0.97,-0.15,0.0,0.01,0.12,true,false,91
1352864768632,-124,76,16.1,-3276.8,-4,1,4.149,0.213,0.0055,1.4E-4,-1.07,-0.97,-0.09,0.01,-0.01,0.1,true,false,91
1352864769630,-123,73,16.1,-3276.8,-4,1,4.149,0.204,0.0055,1.6E-4,-1.07,-0.97,-0.04,0.02,0.04,0.12,true,false,91
1352864770633,-122,70,16.6,-3276.8,-3,1,4.149,0.182,0.00552,1.4E-4,-1.07,-0.97,-0.04,0.02,0.04,0.12,true,false,91
1352864771629,-121,64,16.6,-3276.8,-3,1,4.149,0.163,0.00552,1.2E-4,-1.03,-0.97,-0.06,0.02,0.02,0.09,true,false,91
1352864772639,-120,59,17.1,-3276.8,-3,1,4.149,0.145,0.00532,1.0E-4,-1.04,-0.97,-0.03,0.02,0.01,0.09,true,false,91
1352864773639,-119,58,17.1,-3276.8,-3,1,4.149,0.141,0.00532,1.0E-4,-1.04,-0.97,-0.04,0.02,0.03,0.09,true,false,91
1352864774635,-118,59,17.4,-3276.8,-3,1,4.149,0.126,0.00558,1.0E-4,-1.03,-0.97,-0.04,0.03,0.02,0.12,true,false,91
1352864775642,-117,60,17.4,-3276.8,-3,1,4.149,0.129,0.00558,1.0E-4,-1.04,-0.97,-0.04,0.03,0.02,0.12,true,false,91
1352864776643,-116,56,17.8,-3276.8,-3,1,4.149,0.131,0.00564,8.0E-5,-1.06,-0.97,-0.03,0.02,0.01,0.09,true,false,91
1352864777638,-115,53,17.8,-3276.8,-3,1,4.149,0.125,0.00564,8.0E-5,-1.04,-0.97,-0.03,0.02,0.02,0.1,true,false,91
1352864778644,-114,52,17.8,-3276.8,-4,1,4.149,0.116,0.00556,8.0E-5,-1.04,-0.97,-0.02,0.04,0.04,0.12,true,false,91
1352864779629,-113,55,17.8,-3276.8,-3,1,4.148,0.108,0.00556,8.0E-5,-1.04,-0.97,-0.06,0.04,0.02,0.12,true,false,91
1352864780645,-112,54,18.1,-3276.8,-3,1,4.148,0.117,0.00566,8.0E-5,-1.07,-0.97,-0.03,0.04,0.0,0.14,true,false,91
1352864781638,-111,52,18.1,-3276.8,-3,1,4.148,0.128,0.00566,8.0E-5,-1.03,-0.97,-0.06,0.02,0.02,0.08,true,false,91
1352864782634,-110,54,18.1,-3276.8,-3,1,4.148,0.119,0.0056,1.2E-4,-1.04,-0.97,-0.03,0.04,0.03,0.08,true,false,91
1352864783639,-109,57,18.1,-3276.8,-4,1,4.148,0.119,0.0056,1.0E-4,-1.03,-0.97,-0.03,0.04,0.04,0.15,true,false,91
1352864784646,-108,60,18.1,-3276.8,-4,1,4.148,0.107,0.00564,1.2E-4,-1.04,-0.96,-0.02,0.04,0.07,0.14,true,false,91
1352864785646,-107,60,18.1,-3276.8,-4,1,4.148,0.11,0.00564,1.2E-4,-1.06,-0.97,-0.01,0.06,0.06,0.13,true,false,91
1352864786635,-106,58,17.5,-3276.8,-4,1,4.148,0.109,0.00564,1.0E-4,-1.06,-0.97,0.0,0.06,0.06,0.14,true,false,91
1352864787643,-105,55,17.5,-3276.8,-4,1,4.148,0.101,0.00564,8.0E-5,-1.04,-0.97,-0.01,0.07,0.04,0.12,true,false,91
1352864788651,-104,55,17.3,-3276.8,-4,1,4.148,0.089,0.00564,1.0E-4,-1.03,-0.97,-0.01,0.07,0.07,0.14,true,false,91
1352864789631,-103,55,17.3,-3276.8,-5,1,4.148,0.085,0.00564,8.0E-5,-1.04,-0.96,0.0,0.06,0.07,0.15,true,false,91
1352864790630,-102,55,16.7,-3276.8,-5,1,4.148,0.087,0.00558,1.0E-4,-1.02,-0.97,0.0,0.06,0.06,0.15,true,false,91
1352864791659,-101,54,16.7,-3276.8,-5,1,4.147,0.082,0.00558,8.0E-5,-1.03,-0.97,-0.01,0.07,0.06,0.13,true,false,91
1352864792633,-100,55,16.3,-3276.8,-5,1,4.147,0.077,0.00572,1.0E-4,-1.06,-0.97,-0.03,0.06,0.07,0.13,true,false,91
1352864793630,-99,59,16.3,-3276.8,-5,1,4.147,0.074,0.00572,1.2E-4,-1.03,-0.97,-0.01,0.18,0.08,0.14,true,false,91
1352864794631,-98,60,15.8,-3276.8,-5,1,4.147,0.072,0.00584,1.0E-4,-1.04,-0.97,0.0,0.07,0.08,0.14,true,false,91
1352864795630,-97,58,15.8,-3276.8,-5,1,4.147,0.066,0.00584,1.0E-4,-1.04,-0.97,-0.01,0.06,0.06,0.14,true,false,91
1352864796653,-96,56,15.5,-3276.8,-5,1,4.147,0.062,0.0059,1.0E-4,-1.04,-0.97,-0.01,0.06,0.07,0.13,true,false,91
1352864797633,-95,58,15.5,-3276.8,-5,1,4.147,0.068,0.0059,1.2E-4,-1.03,-0.97,-0.02,0.08,0.06,0.14,true,false,91
1352864798655,-94,59,15.4,-3276.8,-4,1,4.147,0.062,0.00584,1.0E-4,-1.03,-0.97,-0.02,0.04,0.06,0.12,true,false,91
1352864799635,-93,58,15.4,-3276.8,-4,1,4.147,0.061,0.00584,1.2E-4,-1.06,-0.97,-0.03,0.04,0.04,0.13,true,false,91
1352864800635,-92,56,15.1,-3276.8,-4,1,4.147,0.064,0.0058,1.2E-4,-1.03,-0.97,-0.03,0.06,0.01,0.12,true,false,91
